3819000 1052651 742123
*
276979 304987 277598 467505
210878 323200 295536 280729
345839 339814 341451 344370
327927 296165 268058 276062
$
1686974 1978012 2012294 1452779
1746700 1893693 2246662 1739701
1523272 1890431 2097286 1565257
1929195 2050205 1847012 1325774
$
1855047 1536001 1529108 1898716
1861422 1602107 1276802 1798570
1949889 1588755 1380263 1909373
1561878 1472630 1703930 2217164
$
~
102257 127109 110110 176813
78376 130804 122309 108703
120902 128810 141315 135197
130865 126590 101810 114647
$
422104 498313 520913 392991
481099 477602 616653 461937
396177 517939 557668 439066
528849 549504 512687 361862
$
528290 427229 421628 482847
493176 444245 313689 482011
535572 405902 353668 478388
392937 376557 438154 576142
$
~
59171 65104 59053 109780
56218 74071 71235 66610
85956 88279 75227 85148
66507 58207 56537 68332
$
338686 388201 401637 269787
295183 365802 390555 344299
309582 340887 416097 306275
350793 422532 333281 264550
$
344266 288818 281433 362556
390722 302250 280333 331214
346585 312957 250799 350700
324823 261384 352305 409241
$
